0.113703
0.622299
0.609275
0.623379
0.860915
0.640311
0.009496
0.232551
0.666084
0.514251
0.693591
0.544975
0.282734
0.923433
0.292316
0.837296
0.286223
0.266821
0.186723
0.232226
0.316612
0.302693
0.159046
0.039996
0.218800
0.810599
0.525698
0.914658
0.831345
0.045770
0.456091
0.265187
0.304672
0.507307
0.181096
0.759671
0.201248
0.258810
0.992150
0.807352
0.553334
0.646406
0.311824
0.621819
0.329770
0.501997
0.677095
0.484991
0.243929
0.765460
0.073780
0.309687
0.717272
0.504546
0.152999
0.503933
0.493961
0.751200
0.174650
0.848392
0.864834
0.041857
0.317182
0.013750
0.239026
0.706495
0.308095
0.508548
0.051647
0.564570
0.121480
0.892836
0.014627
0.783121
0.089961
0.519190
0.384267
0.070052
0.320644
0.668495
0.926400
0.471910
0.142615
0.544270
0.196175
0.898580
0.389500
0.310871
0.160029
0.896186
0.166394
0.900425
0.134078
0.131614
0.105288
0.511584
0.300199
0.026717
0.309647
0.742120
0.035457
0.565076
0.280258
0.204196
0.133739
0.325682
0.155062
0.129962
0.435531
0.038643
0.713302
0.100769
0.950305
0.121818
0.219657
0.913088
0.945853
0.279156
0.123471
0.797160
0.744277
0.915974
0.994598
0.942361
0.486135
0.283460
0.251546
0.503255
0.496966
0.318446
0.962223
0.634099
0.127433
0.423047
0.914317
0.467792
0.908169
0.597743
0.631743
0.869158
0.502750
0.983635
0.324386
0.481375
0.356987
0.627478
0.741600
0.565967
0.980787
0.576813
0.439042
0.228600
0.082158
0.850265
0.234661
0.988167
0.601898
0.998741
0.375599
0.555127
0.429444
0.575878
0.432507
0.224846
0.084985
0.637298
0.431016
0.072716
0.802402
0.325278
0.757289
0.584272
0.708839
0.426976
0.343573
0.759120
0.424030
0.560887
0.116136
0.303022
0.478803
0.344831
0.600714
0.076083
0.955993
0.022207
0.841711
0.632442
0.310094
0.742569
0.638911
0.992516
0.128270
0.883240
0.810083
0.821851
0.834703
0.732732
0.983044
0.639205
0.660755
0.528359
0.317494
0.767855
0.526308
0.732302
0.307666
0.404173
0.204402
0.985633
0.566311
0.280375
0.185056
0.758061
0.566781
0.932174
0.638693
0.700748
0.479222
0.850312
0.422331
0.031392
0.258147
0.334845
0.133550
0.499546
0.802136
0.337153
0.508921
0.494439
0.797053
0.566959
0.106697
0.807648
0.567112
0.212241
0.749579
0.307218
0.489518
0.989710
0.424109
0.244403
0.217135
0.689118
0.980213
0.477033
0.773524
0.574313
0.965940
0.796924
0.531905
0.596624
0.263886
0.279543
0.065103
0.563081
0.262356
0.003282
0.589517
0.520051
0.844635
0.029557
0.599769
0.268420
0.120609
0.100705
0.748161
0.015961
0.049461
0.747624
0.357238
0.758958
0.375956
0.799463
0.025693
0.506359
0.821229
0.544757
0.266684
0.344637
0.369176
0.429252
0.918514
0.784345
0.737832
0.280773
0.456827
0.287538
0.696291
0.820756
0.655154
0.413505
0.951829
0.243109
0.608685
0.757951
0.693667
0.115428
0.635912
0.309025
0.352999
0.980958
0.538883
0.444034
0.949367
0.452483
0.190626
0.991609
0.548455
0.768816
0.913422
0.682112
0.407251
0.407592
0.146083
0.196668
0.192209
0.408414
0.348221
0.834543
0.198400
0.861805
0.397185
0.153254
0.339283
0.367180
0.427379
0.186337
0.658017
0.920411
0.733894
0.882319
0.953347
0.194902
0.472617
0.386051
0.374166
0.027856
0.929355
0.410529
0.955840
0.272153
0.517246
0.978310
0.369696
0.310430
0.034210
0.667566
0.920916
0.044990
0.201133
0.743515
0.130557
0.708884
0.998832
0.943913
0.592904
0.731296
0.486734
0.768152
0.003145
0.557941
0.460255
0.329715
0.835476
0.977702
0.660515
0.233575
0.819200
0.724685
0.976357
0.265113
0.878820
0.487889
0.305468
0.395097
0.759340
0.100802
0.421360
0.657764
0.295264
0.205986
0.002147
0.107843
0.214867
0.115154
0.687159
0.193272
0.984922
0.947038
0.691707
0.739892
0.732440
0.652598
0.167046
0.923181
0.564605
0.536496
0.018844
0.366400
0.686242
0.416629
0.757026
0.775795
0.573587
0.188699
0.758265
0.092683
0.622359
0.415913
0.776511
0.807803
0.967296
0.215903
0.867009
0.416918
0.513029
0.774937
0.132543
0.411908
0.662048
0.907720
0.344492
0.105243
0.932346
0.199933
0.054018
0.425840
0.338796
0.275601
0.663491
0.783896
0.439697
0.930324
0.272207
0.659029
0.380289
0.935391
0.735501
0.590090
0.814652
0.882409
0.745441
0.501792
0.988501
0.555268
0.879702
0.630439
0.613216
0.033609
0.254701
0.775969
0.998245
0.960118
0.750929
0.680504
0.246886
0.606563
0.573971
0.049595
0.372820
0.894768
0.391772
0.516945
0.175280
0.192605
0.546509
0.393121
0.625197
0.572205
0.140619
0.289272
0.000612
0.955364
0.399410
0.977054
0.511774
0.467161
0.723835
0.142074
0.523578
0.560421
0.660343
0.372266
0.136152
0.073881
0.761512
0.702795
0.763895
0.157056
0.599345
0.763342
0.912653
0.308021
0.657066
0.337805
0.604250
0.083955
0.605667
0.595911
0.668919
0.801043
0.855456
0.050140
0.674434
0.845893
0.746398
0.829564
0.127900
0.794108
0.355506
0.948082
0.930158
0.592445
0.110494
0.783835
0.601823
0.088274
0.657262
0.332081
0.835419
0.247773
0.363591
0.924649
0.563018
0.806865
0.038929
0.039825
0.632543
0.239087
0.252525
0.624625
0.405690
0.798473
0.117463
0.994497
0.649857
0.655611
0.747480
0.514273
0.380330
0.611308
0.966000
0.215859
0.748749
0.432376
0.828596
0.883341
0.979789
0.914001
0.257487
0.223448
0.790633
0.165095
0.838076
0.971920
0.497538
0.039808
0.625157
0.830386
0.155812
0.990204
0.680882
0.864698
0.241661
0.862579
0.792087
0.612325
0.208559
0.059412
0.625287
0.803931
0.198631
0.665650
0.402933
0.386963
0.060228
0.420280
0.551097
0.816076
0.837797
0.012098
0.572698
0.301641
0.038679
0.358333
0.267453
0.974024
0.951143
0.616061
0.964837
0.878035
0.119990
0.596258
0.356920
0.674886
0.638190
0.696867
0.625196
0.122222
0.280972
0.174188
0.170224
0.560544
0.428801
0.389187
0.843706
0.208791
0.509425
0.394965
0.258160
0.802961
0.306999
0.078130
0.946779
0.378668
0.327452
0.664827
0.777321
0.484122
0.929452
0.049888
0.671358
0.825512
0.336614
0.931521
0.484046
0.946047
0.311261
0.599052
0.890223
0.607364
0.440558
0.560060
0.939427
0.834512
0.287190
0.843560
0.258778
0.339338
0.556907
0.187876
0.509649
0.927073
0.306972
0.356287
0.056894
0.884732
0.511993
0.804712
0.236818
0.686835
0.860509
0.450153
0.170375
0.508696
0.870019
0.033307
0.258155
0.937086
0.615036
0.949519
0.815594
0.049315
0.301970
0.512043
0.710361
0.284653
0.464949
0.729389
0.128143
0.934295
0.393550
0.249124
0.947361
0.841653
0.415222
0.891696
0.206741
0.950199
0.478458
0.110277
0.629354
0.293496
0.830293
0.327966
0.873680
0.027633
0.540035
0.478940
0.877905
0.486829
0.222356
0.509145
0.009526
0.088491
0.318576
0.545306
0.302978
0.739884
0.010278
0.598639
0.713103
0.465993
0.216586
0.116427
0.410580
0.639186
0.056245
0.568316
0.707991
0.975794
0.970703
0.116916
0.189951
0.186920
0.455190
0.203900
0.974335
0.099408
0.824801
0.101026
0.972130
0.005363
0.497912
0.985662
0.439491
0.343596
0.305155
0.986653
0.924296
0.012211
0.099250
0.541119
0.620698
0.793612
0.481528
0.807175
0.987834
0.927575
0.271583
0.098793
0.065613
0.187325
0.591976
0.000863
0.484187
0.655398
0.200700
0.664503
0.552623
0.744123
0.391457
0.835654
0.248645
0.886082
0.691757
0.916566
0.370072
0.615068
0.033254
0.647655
0.004004
0.577345
0.280761
0.610529
0.927053
0.573215
0.799021
0.300498
0.887827
0.855055
0.837075
0.072100
0.623909
0.510736
0.065897
0.224147
0.581437
0.362222
0.944893
0.056531
0.000342
0.289981
0.217298
0.688574
0.864870
0.029838
0.701509
0.166742
0.785059
0.145853
0.676200
0.520272
0.704999
0.264538
0.505842
0.822339
0.179705
0.864646
0.109946
0.871437
0.514420
0.285699
0.336734
0.569652
0.184229
0.439371
0.661822
0.420339
0.560976
0.195624
0.928305
0.673574
0.131037
0.376887
0.302303
0.805258
0.470128
0.441446
0.079597
0.373535
0.387935
0.390295
0.239419
0.789586
0.015871
0.398760
0.388268
0.457780
0.296646
0.803238
0.871395
0.944576
0.272899
0.675439
0.711411
0.201657
0.556709
0.623513
0.108069
0.584840
0.645851
0.188579
0.457757
0.917488
0.565946
0.942231
0.744742
0.716767
0.545366
0.976736
0.943535
0.176527
0.545997
0.644861
0.104921
0.038208
0.770915
0.957311
0.110683
0.402247
0.027499
0.414389
0.208988
0.918076
0.228233
0.981931
0.271758
0.531537
0.945946
0.904914
0.949038
0.301022
0.766109
0.189390
0.101361
0.085986
0.509233
0.577651
0.686914
0.251567
0.445505
0.541231
0.568181
0.930421
0.172382
0.039249
0.098939
0.015507
0.920400
0.746446
0.605409
0.377696
0.341491
0.327540
0.627512
0.632966
0.980419
0.869425
0.641573
0.409524
0.920937
0.451422
0.914273
0.026355
0.341939
0.256078
0.777132
0.296055
0.257458
0.471336
0.070287
0.226596
0.114747
0.079979
0.440887
0.982426
0.963837
0.797596
0.541736
0.455776
0.211034
0.230639
0.591100
0.258238
0.757404
0.551546
0.097625
0.150506
0.145786
0.990568
0.026092
0.606734
0.102121
0.509426
0.187421
0.507222
0.385176
0.588665
0.920744
0.583558
0.812902
0.767533
0.607564
0.533782
0.285479
0.124188
0.483964
0.367357
0.708021
0.951569
0.307119
0.820725
0.855216
0.045940
0.863778
0.476140
0.121705
0.655896
0.227559
0.460190
0.886234
0.793329
0.045781
0.067792
0.662651
0.228873
0.592313
0.330172
0.999303
0.708792
0.003170
0.769734
0.200231
0.689499
0.749853
0.238327
0.952967
0.584783
0.799458
0.934603
0.076593
0.663602
0.987435
0.252331
0.039436
0.985622
0.132851
0.176191
0.482795
0.636085
0.986979
0.099535
0.693683
0.001309
0.767426
0.319980
0.958013
0.195398
