624
-1394370482
-1723143049
2071488076
1659356893
-1081051142
885114163
-614367016
561456377
-29212570
951631791
-1923325404
1176136405
-446079598
1823627243
1899124272
-1981844367
894106494
2001652199
1413441788
404217293
1596786218
-2037902941
-1250007416
670368489
1933715862
-777131233
-1470833964
-169607227
2069221826
-249441701
-1575022112
2024386657
-298308946
-942472361
-1099163732
-297881411
-1477828518
2054846995
-967198664
476798169
-1836491066
-1332284785
96501636
-517746507
-335785486
455665867
-1134577264
1856235601
-732027426
-47277881
-1260817828
1330331565
-1859467638
836763267
1322153448
221852361
-1322590218
-324348417
128602164
430497189
-48243166
787389243
1311722816
1343036481
-516952818
-1351054793
750942476
820808349
-1156450118
-1346396429
376938392
-1333951303
955886886
-85944977
-488813340
889333397
-1253869998
173664683
-997667600
551832625
987791422
210229159
-966644804
76648845
-1635600662
1222663011
464532808
1410814633
-662124970
502214879
1323595156
1014934405
-1951786366
-1793993701
455555232
-186091487
1684201326
1207140631
2091092588
-1486269315
-1121976038
331953107
1133721336
-844784487
-1289016442
-699553713
906676804
-1657967499
-1739142478
813521547
-1937403824
-543645679
1835666078
185763463
1429312796
1382208365
-783493302
1489053763
167486632
1787257481
-1863066442
1379072959
1700481780
400386405
-1005811998
667122939
1105122304
-466369535
577307086
-453253129
276253644
-1976758691
-30656134
30357683
830766680
-539253639
246798822
-577361105
1017182116
-1323457963
-129085678
533412715
53347248
-440867855
1016251646
-1165580953
-643846532
255264077
-6215766
179987747
1938342920
981557865
-838589674
1378760351
1583796308
-1589831867
1331635010
-2026138149
-416407712
-1763246111
-1847962578
910802647
-157958868
-844122051
1515102682
-251023981
807630264
-820536231
-1523468218
-2022564337
1610077444
1145751605
1145176946
108760139
56239888
1782388689
1156755294
949761095
2013558748
-846846163
-1952995318
604246531
506434408
704467529
-816735882
-1030168193
2036270516
169194789
-491130974
-273539397
468523712
-2114311231
-179382642
1200948663
-380182900
577327645
966736442
1957728883
-79160040
-11434951
473351846
647594223
895967844
1714216469
-146151470
-1362735829
1407318640
-1608696911
-282998338
-16043225
12054844
-607635187
1665685610
-2049560861
1002967752
452145705
544489430
606796895
563866388
-1075887355
1060432898
962533275
-588003808
375736225
1532922094
-2137670505
1326624748
-187573251
-1875508582
1006364499
-1161137032
1350655001
1700594950
-373009457
2118623172
1648092149
-1736573902
2128838155
-1482850864
-1236185199
1874334750
-477388281
-267248996
1148533485
13318346
761838531
1781154344
1801126409
-1727785418
-744716481
-294289292
1813102821
837294178
-663060357
320479616
-1054846079
-1633588402
-1526471817
975253836
1835095517
-567608582
304327731
42105816
513745913
-1103334554
-609577297
670076196
-1074800171
-1158266734
2030771947
-1654345424
-674147471
-951218562
399868135
1852503036
-838521651
1782073642
871610531
-1288822392
-181616151
1553538198
161841695
-1555839532
-198889787
-1813285694
-583247525
-1825035040
-350007455
1705999790
-728270249
1759142572
1888468925
798368602
-564141805
-767020232
1101192153
-1335029306
-486258289
1270491780
1119928245
-37047054
997535691
-1072720752
731203409
-1032177442
698404807
1343913308
-84930899
833063306
-827382397
-1934905112
241201609
-624209162
-620892929
794737460
2039581861
1247215906
-203644357
505800768
-110740671
589348878
-1962376905
1167475724
-1630201443
479165370
-1545042445
-1779197288
226788281
294051878
-1031181201
788297700
-366570091
202594642
5877931
-2039076880
-728421583
-103410882
44404391
360232636
162390157
1966143978
1322451555
-663031736
-1997663831
-818759338
945670111
-1373740908
1506728581
1178779010
1687378715
1622889376
1289819937
361575022
-1609631721
-424880788
1420387197
-919665638
-2114610477
626831864
1379670937
52551302
418512719
1125086532
-241607819
-1662505550
-1645174389
1399876432
-238485743
-772203106
-392446585
-354574308
-189357459
-554919350
563564355
-462168152
-1295146615
1097289654
-293793089
1725609460
777328741
-2067355166
328762363
-204443904
1116463873
1200411854
1197661943
242620108
-1434149539
-443761542
-1279320141
-1000638120
1539416953
-220853018
1626735151
625681060
-795799211
1935749650
-2039348629
1976983216
-1641495823
2071681022
2101042279
-1465828996
1921143885
-1527616854
-801895389
1785626376
1442259305
-2063526378
-1508651617
-856966316
-862173627
251315778
-2128339749
1547516512
861839073
-1883789522
280770007
726272044
1960757053
-1379883814
-1870850925
583528632
-234022055
-1707381946
-246582001
-1626898428
981841717
1586914930
-938093749
679477776
-257132847
-218840482
-1103336633
-753171748
-175573459
-1990563062
-2017021
-1874669976
-1201499831
966265974
-472254337
2141810868
1176265765
-101248350
-915528261
182040000
1951484609
-1868191346
-405603145
1468049804
1143988509
-371016390
-1956152973
1551505432
1494647609
-18220634
-55552017
-1516466844
518999317
966773458
219419691
-1840949904
-62121295
16604350
89582119
-1700496324
-1404925939
-633562262
1909904867
-406270520
-1677201111
1254372054
143102815
1248581140
-397577723
1725140738
-1532060005
1551753504
1448863393
-1192305682
341783447
1500642028
1693444861
-301267558
867585619
-112595080
1356192537
1920579590
-1848202545
1516391108
-1455041803
-342532302
-1683700469
-973186864
-805327215
976037662
138598663
-611048036
-2128147987
1907424202
55370435
1859681576
1054818569
-266499786
1356111423
613084020
1017606117
-2102903966
1729988475
-1711162240
645296769
1126907470
974707319
-1552548788
-543759139
-1705935366
883004211
-317753640
356721401
-1836931482
-1686606417
179353636
1090603221
1737434002
1442833899
-1031599056
1992241777
-14933634
-659015705
507674364
447642573
-1244689366
-1384423517
-1890984824
1524662505
-1388572778
-713484001
828289236
144858565
-2037573694
15917147
-130201632
764997217
905105582
1488449879
1407495596
2023542461
1523459674
1432438803
-1750946248
1582717657
1218233542
-531783537
803198340
-1986416971
-1398466574
-1168279861
1923837840
-142432687
2086816734
-462485817
-1761114020
-615457363
-1733276534
-2053485437
519367656
637776073
1370998262
-1959984129
-1069603276
1303788453
-1214634974
-26826437
-1744272576
-1329898943
1675465486
-873170889
890638092
-1334204259
664338106
2033020147
-992242280
1611104953
-899673306
51266415
1866965732
1653015701
-974177198
-487229525
-1387298064
1430391345
-1432902082
-182499929
641417660
-511299699
-1737802518
-1126061725
1605479240
1379979433
-114774954
1118330591
1283738516
1230702981
1726439554
-2018450917
-2042925408
-254429663
1803781486
1267101463
-1117642644
-1012567427
-2067134694
-1623326253
-1399706376
-900818279
-1721462394
-2106436017
-1707073468
-415151499
-897216334
-2046826357
893863504
1685382480
