376
-470778465
-22815416
-940255196
-534373217
-1216847708
674386435
-1112005887
-2036281558
1277682049
-2112080626
-1062459822
229182253
1640178922
-1748301907
1966318227
-1457259180
-1458949429
1756756788
589041080
798454659
-1775421432
54132511
-571506923
-2129932514
-143973035
514600034
-1315800850
190014409
1872861494
2111232785
-199007297
2020770496
-1748956521
1821317920
2083647580
393113671
-1848948084
-1545487397
-1130943431
-423529742
625542553
-1746684474
865233946
-892843179
415479250
986974805
-667093365
-1886378196
564123475
1621147868
-627610592
-1798675301
1724433408
1911058631
-906002115
1700854966
1283430205
-2011031013
181430711
201938397
-965697152
225583874
-373806156
-481770514
1492555263
-2132158683
1567985457
-1688754713
268978222
-1492265692
-1417074170
994983128
-673528467
-1692256889
767954539
-1118125111
1571170012
1002929534
1451448568
-961307862
720988755
-1912614623
493908053
1724189203
417667050
-1626561216
-894711590
-1456024796
-1786022799
-2022515437
2084919679
909807317
1368341880
-845076070
-453336500
1815418406
1506376391
-7377539
-1049657703
926909903
-295505834
-771328916
1185326830
-1503171760
5280869
-919974337
794386963
-1276085311
948928244
-367788586
258986192
-1000680574
1193381947
-1394916007
627190141
-1075685061
1854007538
-818600856
-319004222
-477846468
-250510871
1141916331
-1173833529
828535277
-1260664624
1597441234
-930621628
1561546334
1513451535
2085412565
-1265110527
1400770231
-792296162
2011482772
1599250934
316344520
-1325709955
-84049545
638121467
-533147527
693930060
1218500558
1458808584
-2107220006
300481443
1998835601
-1203909307
-1227224317
-1896535750
-1997922256
1106550474
1358801396
1482668161
-221141533
-1718872113
49333285
-1027845816
1616435050
-1083204132
1217755990
-644089001
294399021
1130522665
-1162057953
595334214
1799390620
181832222
-309916800
507415541
1167741615
-958367773
-1217894223
-165387228
669650790
-1432721888
1718714482
969298891
1635541385
-1894869971
-1837247573
1215773314
-995867112
1770834034
-1520168820
-1146068103
1293197627
-1830019241
-1889041731
1458030176
-1791650206
2007698388
-1330791794
151308831
-371568635
-779732719
-1552504761
774234126
-1053805820
596237926
-751143752
1993231565
1741197351
-1712632181
-435685143
-1095475716
2044359326
651572376
-1124138742
-1815873677
610488705
-1987079691
-472283661
-1182003062
-902916896
937736890
1498910084
543439185
-1865646285
2146633183
1755573173
-1299084328
-862068742
-373648980
2077689158
145490727
-1373375459
372998393
-977278225
-1422358282
-855023284
-1504126258
-486158160
171642501
-463788321
-1978678861
1232814433
-603834348
-1167658570
317072752
1335680034
-2089670821
1652910521
-120269027
-1782250661
554798034
1700661064
749613282
-692790244
1739777097
-1604350133
-1650433561
-695790643
1922076208
-1634273870
76656484
1835089406
2092071087
-1757784267
914509153
-2079146729
594692862
1737656820
904241110
-1816258520
-1689817891
-1075322857
-684877157
1054794393
-1740145300
751923950
-1598441816
24239034
1970022083
-1361713679
-1570317851
163440483
689273434
-1488953008
-1325991382
1347827028
350578145
-2134279293
1938255919
2019770629
-896974919
1555032411
738549728
-560680296
548667996
-1113882082
-1988281393
569835823
-1964856197
1864610265
-225694890
1283644378
-2091310398
-1264747656
250316321
-1093606611
-1528366595
597017391
-946493868
257791348
2136608840
2037048498
-1222075517
175145251
-396823993
1773925381
1155795410
1217053854
-550669770
-1184087868
-1987600355
-354030007
-1962231807
357487971
2144978648
1412541968
-1177020540
-484858874
1539052135
1616956711
-128822813
-590047791
1594443230
-1888867246
-423112150
1153035488
-36504039
1445735461
-1676188619
1222837895
-2055946532
1170625692
-1971578912
2072932234
-455551093
6140875
-1310577473
2115723149
-342456278
534173286
-44282130
-551565604
-800316347
-1956616559
1609303305
-34154517
482970864
-1519138904
328481932
-1435236786
807263295
865081919
1615556715
-325471639
1394472102
-650214838
822254418
922361640
951942865
-1282414883
-476910803
1584596575
-712209116
127592388
598536632
188247330
-1216219053
2138060915
1471862391
-585376523
-990715550
-318877138
-818484506
939760468
57897549
745874201
-976908559
-231531053
1853856840
-238759040
238314004
-1955660778
1305401591
-587154345
1689524019
1907676417
-990358450
810472930
1358666906
929226352
-20267351
732025781
913897221
-1272611561
-1053128756
-987238004
487735664
-800124262
1390222139
323638523
1549763279
-2047072355
-750586150
1886876374
-1453756290
1446484108
-965839019
-347654271
1142496217
-283012357
-1167747840
789841080
-497138500
968673790
-1211747985
762159503
-808147493
-1699923399
-1361072970
322781882
-1520239198
714392600
-540212799
1255042381
835163933
-402512753
-589616076
-821738476
758251624
1602982738
-298353053
-2087736765
577728295
-1509901979
-1517460814
-574807426
-567352042
547354532
1295756989
9700585
-1808869471
1293712579
1868576632
-1644327632
-473933532
-945792026
1878092039
261524935
-805833853
-1743738266
625128233
-854880036
-1366033539
1376855914
1612128975
670240614
-114723235
742334774
-1257240975
-1882335256
-2046477987
-1288355426
-1908100369
-1489311046
750883297
464447918
1119063713
1712342924
1904670781
-1610037326
1989241623
110493910
-1427110051
17948166
542647153
926922984
-405928363
-2015071802
-1389631345
1572802794
-1435428767
-641000266
1381487689
1686039036
178873069
-2001474486
1915137439
-1987259658
-840386035
1085436390
-758449023
-1720230936
1702323581
2131583390
-39371777
914582154
-2088048191
363536350
-460323391
1477558076
-1816799491
242178002
-1083540985
1152076150
-1887441379
-646870874
-2051151759
-1977584407
1108154020
-1369439142
971787809
752754593
-1292110334
1402266592
-2057401159
-1431071711
1071227192
513482594
-790417387
-1091144655
-81139446
-1821566732
286621165
-1584898031
1247187412
779990410
-1981975287
471724793
894513114
1703367584
-121710231
-1272590583
1898437728
-245271086
-1068571963
-1280031431
-1801152222
400293900
1107259525
-1646560983
683438612
-1114548790
-1640758223
-729996303
-1592653374
-835950560
-1830356183
-350724815
-1432843272
-1596651822
474154357
-267030095
973896970
772483700
-431966643
-592062495
1251508228
279487514
-945038071
-940493159
1758652970
1482086144
-1975201383
-1567334967
1433264368
419643234
-1167077083
-64432567
-1963048686
1512479260
284055029
1516831945
-682804476
-1460604038
1144342433
1308100481
-1716440542
-258062784
-1851407335
1342903905
-280618312
-564975838
414579413
1138609937
872497482
-1308138764
1666587693
-885127055
1334191508
1842721578
-699467863
1797055993
555732442
58360640
-693477271
1259176009
-350429280
822092242
1313096133
-2055061287
544884066
-112972596
-1145575163
-323721655
-690708524
-1483378678
981885009
1259540337
-733276446
-276155072
650801129
1033167313
636641336
383835442
-925515595
1186670545
1736924042
2075571380
1716331193
-1635223275
